1748523496875 0.6450295052201543 0
1748523499266 0.6354970494779846 0
1748523501864 0.6359509759418974 0
1748523504269 0.6268724466636405 0
1748523506660 0.6236949614162506 0
1748523509167 0.6291420789832047 0
1748523511697 0.6445755787562415 0
1748523514019 0.6622787108488425 0
1748523516572 0.6604630049931911 0
1748523519193 0.6600090785292783 0
1748523521625 0.6232410349523377 0
1748523523883 0.6418520199727644 0
1748523526264 0.6418520199727644 0
1748523528585 0.6591012256014526 0
1748523530929 0.6586472991375397 0
1748523533247 0.655015887426237 0
1748523535882 0.6364049024058103 0
1748523538045 0.6622787108488425 0
1748523540558 0.6364049024058103 0
1748523542720 0.6618247843849296 0
1748523544997 0.6622787108488425 0
1748523547196 0.6654561960962324 0
1748523549340 0.6622787108488425 0
1748523551506 0.6640944167044939 0
1748523553714 0.6654561960962324 0
1748523555939 0.6613708579210168 0
1748523558161 0.6686336813436223 0
1748523560281 0.6604630049931911 0
1748523562550 0.6690876078075352 0
1748523564837 0.6681797548797095 0
1748523566998 0.657739446209714 0
1748523569165 0.6613708579210168 0
1748523571406 0.6586472991375397 0
1748523573645 0.6659101225601453 0
1748523575973 0.6618247843849296 0
1748523578125 0.6532001815705856 0
1748523580549 0.6600090785292783 0
1748523582824 0.6581933726736269 0
1748523585884 0.6532001815705856 0
1748523588045 0.6613708579210168 0
1748523590260 0.6477530640036314 0
1748523592713 0.6532001815705856 0
1748523594848 0.6613708579210168 0
1748523597056 0.660916931457104 0
1748523599663 0.6436677258284158 0
1748523601773 0.6645483431684067 0
1748523604220 0.6563776668179755 0
1748523606539 0.669541534271448 0
1748523608802 0.6586472991375397 0
1748523610955 0.6591012256014526 0
1748524014845 0.6332274171584203 0
1748524017035 0.6640944167044939 0
1748524019283 0.6686336813436223 0
1748524021436 0.6663640490240581 0
1748524023806 0.6291420789832047 0
1748524025934 0.6659101225601453 0
1748524028189 0.64593735814798 0
1748524030966 0.6445755787562415 0
1748524033226 0.6595551520653654 0
1748524035353 0.6581933726736269 0
1748524038084 0.6345891965501589 0
1748524040357 0.6386745347253745 0
1748524042824 0.6563776668179755 0
1748524045124 0.640036314117113 0
1748524047539 0.6427598729005901 0
1748524050091 0.6441216522923287 0
1748524052338 0.6591012256014526 0
1748524054889 0.6559237403540626 0
1748524057285 0.6386745347253745 0
1748524059911 0.6359509759418974 0
1748524062111 0.666817975487971 0
1748524064299 0.640036314117113 0
1748524066558 0.6618247843849296 0
1748524068797 0.6568315932818883 0
1748524070989 0.6423059464366773 0
1748524073217 0.6563776668179755 0
1748524075392 0.6586472991375397 0
1748524077743 0.6572855197458012 0
1748524080168 0.660916931457104 0
1748524082732 0.6504766227871085 0
1748524084909 0.6463912846118929 0
1748524087115 0.6559237403540626 0
1748524089388 0.6690876078075352 0
1748524091847 0.6454834316840672 0
1748524094053 0.6618247843849296 0
1748524096273 0.6277802995914662 0
1748524098447 0.6545619609623241 0
1748524100662 0.6663640490240581 0
1748524102875 0.6686336813436223 0
1748524105230 0.655015887426237 0
1748524107448 0.6591012256014526 0
1748524109987 0.6227871084884249 0
1748524112106 0.6554698138901498 0
1748524115083 0.6545619609623241 0
1748524117401 0.6622787108488425 0
1748524119814 0.6568315932818883 0
1748524122154 0.666817975487971 0
1748524124374 0.6554698138901498 0
1748524126621 0.6559237403540626 0
1748524129095 0.6600090785292783 0
1748525307566 0.6581933726736269 0
1748525310265 0.6477530640036314 0
1748525312547 0.660916931457104 0
1748525315111 0.6423059464366773 0
1748525317289 0.6277802995914662 0
1748525319714 0.6368588288697231 0
1748525322047 0.660916931457104 0
1748525324525 0.6513844757149342 0
1748525327305 0.6572855197458012 0
1748525329490 0.6454834316840672 0
1748525331814 0.6559237403540626 0
1748525334293 0.6600090785292783 0
1748525336679 0.6522923286427599 0
1748525339110 0.6482069904675443 0
1748525341660 0.6295960054471176 0
1748525344192 0.6368588288697231 0
1748525346430 0.6563776668179755 0
1748525348931 0.6522923286427599 0
1748525351775 0.6541080344984113 0
1748525354262 0.6418520199727644 0
1748525356496 0.6277802995914662 0
1748525358684 0.6277802995914662 0
1748525360899 0.6277802995914662 0
1748525363282 0.6554698138901498 0
1748525365487 0.6541080344984113 0
1748525367882 0.6554698138901498 0
1748525370103 0.6277802995914662 0
1748525372690 0.6532001815705856 0
1748525375039 0.6541080344984113 0
1748525377331 0.6554698138901498 0
1748525379651 0.6563776668179755 0
1748525382612 0.651838402178847 0
1748525384842 0.6645483431684067 0
1748525387101 0.6581933726736269 0
1748525389350 0.6663640490240581 0
1748525391798 0.655015887426237 0
1748525394138 0.6563776668179755 0
1748525396741 0.6500226963231956 0
1748525399009 0.6572855197458012 0
1748525401675 0.6404902405810259 0
1748525403939 0.6586472991375397 0
1748525406882 0.6536541080344984 0
1748525409156 0.6427598729005901 0
1748525411693 0.6650022696323196 0
1748525414160 0.6536541080344984 0
1748525416882 0.6359509759418974 0
1748525419320 0.6581933726736269 0
1748525421594 0.655015887426237 0
1748525423849 0.6627326373127553 0
1748525426445 0.6368588288697231 0
1748525835836 0.6559237403540626 0
1748525838038 0.6554698138901498 0
1748525840765 0.6572855197458012 0
1748525842857 0.64593735814798 0
1748525845101 0.6527462551066727 0
1748525847381 0.6382206082614617 0
1748525849813 0.6395823876532002 0
1748525852109 0.6332274171584203 0
1748525854304 0.6463912846118929 0
1748525856805 0.6568315932818883 0
1748525859098 0.657739446209714 0
1748525861416 0.6631865637766682 0
1748525863806 0.660916931457104 0
1748525866060 0.660916931457104 0
1748525868305 0.6627326373127553 0
1748525870495 0.660916931457104 0
1748525873058 0.6395823876532002 0
1748525875489 0.6513844757149342 0
1748525877647 0.6500226963231956 0
1748525880065 0.6300499319110304 0
1748525882215 0.6318656377666818 0
1748525884361 0.6318656377666818 0
1748525886738 0.6277802995914662 0
1748525889118 0.6591012256014526 0
1748525891348 0.6563776668179755 0
1748525893553 0.651838402178847 0
1748525895763 0.6654561960962324 0
1748525897876 0.6318656377666818 0
1748525900781 0.6527462551066727 0
1748525902956 0.6450295052201543 0
1748525905385 0.6591012256014526 0
1748525907605 0.6640944167044939 0
1748525909857 0.6418520199727644 0
1748525912179 0.6554698138901498 0
1748525914447 0.6436677258284158 0
1748525916769 0.663640490240581 0
1748525918979 0.660916931457104 0
1748525921654 0.6509305492510213 0
1748525924372 0.6246028143440763 0
1748525926619 0.6654561960962324 0
1748525929074 0.660916931457104 0
1748525931344 0.6522923286427599 0
1748525933518 0.643213799364503 0
1748525936138 0.6568315932818883 0
1748525938341 0.6631865637766682 0
1748525940583 0.6663640490240581 0
1748525943039 0.660916931457104 0
1748525945220 0.6600090785292783 0
1748525947558 0.660916931457104 0
1748525949805 0.6686336813436223 0
1748679086799 0.6241488878801634 0
1748679089602 0.6436677258284158 0
1748679091956 0.6554698138901498 0
1748679094118 0.6600090785292783 0
1748679096318 0.6600090785292783 0
1748679098965 0.6563776668179755 0
1748679101166 0.6595551520653654 0
1748679103521 0.6277802995914662 0
1748679105828 0.6581933726736269 0
1748679108169 0.6395823876532002 0
1748679110323 0.6472991375397186 0
1748679113179 0.6572855197458012 0
1748679115522 0.6454834316840672 0
1748679117994 0.6295960054471176 0
1748679138719 0.6568315932818883 0
1748679140903 0.6640944167044939 0
1748679143239 0.657739446209714 0
1748679145345 0.6618247843849296 0
1748679147678 0.666817975487971 0
1748679150032 0.6572855197458012 0
1748679152773 0.6486609169314571 0
1748679155078 0.669541534271448 0
1748679157300 0.6532001815705856 0
1748679159706 0.6332274171584203 0
1748679162261 0.6486609169314571 0
1748679164584 0.6568315932818883 0
1748679166820 0.64593735814798 0
1748679169000 0.6563776668179755 0
1748679171514 0.6604630049931911 0
1748679173671 0.6654561960962324 0
1748679176196 0.6536541080344984 0
1748679178340 0.657739446209714 0
1748679181066 0.6618247843849296 0
1748679183374 0.6600090785292783 0
1748679185468 0.663640490240581 0
1748679187630 0.6541080344984113 0
1748679189777 0.6541080344984113 0
1748679192009 0.6532001815705856 0
1748679194179 0.6600090785292783 0
1748679196401 0.660916931457104 0
1748679198563 0.6554698138901498 0
1748679201247 0.6541080344984113 0
1748679203645 0.657739446209714 0
1748679205822 0.6368588288697231 0
1748679207999 0.6559237403540626 0
1748679210278 0.6386745347253745 0
1748679212446 0.657739446209714 0
1748679214740 0.6541080344984113 0
1748679217149 0.6495687698592828 0
1748679219303 0.6645483431684067 0
1748679222022 0.6591012256014526 0
1748679224304 0.6350431230140717 0
1748679226604 0.6600090785292783 0
1748679228792 0.6441216522923287 0
1748679231047 0.666817975487971 0
1748679233554 0.643213799364503 0
1748679235864 0.6323195642305947 0
1748679238099 0.6581933726736269 0
1748679240597 0.6445755787562415 0
1748679243354 0.6554698138901498 0
1748679246026 0.6591012256014526 0
1748679248299 0.6563776668179755 0
1748679250477 0.6622787108488425 0
1748679252819 0.6627326373127553 0
1748679444604 0.6559237403540626 0
1748679447152 0.6305038583749433 0
1748679449406 0.6600090785292783 0
1748679451623 0.6559237403540626 0
1748679454116 0.6441216522923287 0
1748679456823 0.6536541080344984 0
1748679459037 0.6545619609623241 0
1748679461520 0.6482069904675443 0
1748679464002 0.6604630049931911 0
1748679466307 0.6409441670449387 0
1748679468961 0.6359509759418974 0
1748679471538 0.6563776668179755 0
1748679473617 0.6581933726736269 0
1748679475979 0.6581933726736269 0
1748679478794 0.6354970494779846 0
1748679481108 0.6509305492510213 0
1748679483368 0.651838402178847 0
1748679485981 0.6554698138901498 0
1748679488173 0.6591012256014526 0
1748679490608 0.6423059464366773 0
1748679492805 0.6595551520653654 0
1748679494990 0.666817975487971 0
1748679497170 0.6650022696323196 0
1748679499321 0.6604630049931911 0
1748679501541 0.6650022696323196 0
1748679503715 0.6627326373127553 0
1748679505879 0.6645483431684067 0
1748679508082 0.6604630049931911 0
1748679510293 0.6627326373127553 0
1748679512588 0.6663640490240581 0
1748679514779 0.6672719019518838 0
1748679516957 0.660916931457104 0
1748679519107 0.6559237403540626 0
1748679521378 0.6681797548797095 0
1748679523619 0.6595551520653654 0
1748679525906 0.6663640490240581 0
1748679528108 0.6690876078075352 0
1748679530282 0.6663640490240581 0
1748679532526 0.651838402178847 0
1748679535172 0.6177939173853836 0
1748679537555 0.6377666817975488 0
1748679539756 0.6613708579210168 0
1748679542168 0.6450295052201543 0
1748679544299 0.6645483431684067 0
1748679546885 0.660916931457104 0
1748679549741 0.6286881525192919 0
1748679551917 0.6659101225601453 0
1748679554577 0.6409441670449387 0
1748679556946 0.6581933726736269 0
1748679559408 0.64593735814798 0
