1748523496875 0.5237515225334958 0
1748523499266 0.4978111319574734 0
1748523501864 0.5024813895781638 0
1748523504269 0.475765306122449 0
1748523506660 0.46619446233097234 0
1748523509167 0.4838913455464308 0
1748523511697 0.5280289330922242 0
1748523514019 0.5474452554744526 0
1748523516572 0.5433455433455433 0
1748523519193 0.5441265976871577 0
1748523521625 0.46589446589446587 0
1748523523883 0.5203647416413374 0
1748523526264 0.5232628398791541 0
1748523528585 0.5516417910447761 0
1748523530929 0.5447941888619855 0
1748523533247 0.5432692307692307 0
1748523535882 0.512477175897748 0
1748523538045 0.5544910179640719 0
1748523540558 0.5136612021857924 0
1748523542720 0.5460085313833029 0
1748523544997 0.5566150178784267 0
1748523547196 0.5578884223155369 0
1748523549340 0.5555555555555556 0
1748523551506 0.5531400966183575 0
1748523553714 0.5557564798071127 0
1748523555939 0.5522208883553421 0
1748523558161 0.5532435740514076 0
1748523560281 0.5536992840095465 0
1748523562550 0.5546731826511913 0
1748523564837 0.5539963392312386 0
1748523566998 0.546875 0
1748523569165 0.5564803804994055 0
1748523571406 0.5458937198067633 0
1748523573645 0.5528554070473876 0
1748523575973 0.5421020282728949 0
1748523578125 0.5457788347205708 0
1748523580549 0.5457853244390539 0
1748523582824 0.5455642727821364 0
1748523585884 0.5364077669902912 0
1748523588045 0.5543608124253285 0
1748523590260 0.529126213592233 0
1748523592713 0.538647342995169 0
1748523594848 0.5543608124253285 0
1748523597056 0.5556216537775134 0
1748523599663 0.5222154595252587 0
1748523601773 0.5614243323442136 0
1748523604220 0.5453453453453454 0
1748523606539 0.5550122249388753 0
1748523608802 0.5425790754257908 0
1748523610955 0.5462235649546828 0
1748524014845 0.49563046192259674 0
1748524017035 0.5531400966183575 0
1748524019283 0.5548780487804879 0
1748524021436 0.5521023765996343 0
1748524023806 0.49223119950279676 0
1748524025934 0.5550181378476421 0
1748524028189 0.5226438188494492 0
1748524030966 0.5353115727002967 0
1748524033226 0.5471014492753623 0
1748524035353 0.557839107457428 0
1748524038084 0.4882390336935791 0
1748524040357 0.5152253349573691 0
1748524042824 0.5458908218356329 0
1748524045124 0.5191024863553669 0
1748524047539 0.5198291641244661 0
1748524050091 0.5201958384332925 0
1748524052338 0.5516417910447761 0
1748524054889 0.5433734939759036 0
1748524057285 0.5110565110565111 0
1748524059911 0.5037128712871287 0
1748524062111 0.5518925518925519 0
1748524064299 0.5673758865248227 0
1748524066558 0.5573380867498514 0
1748524068797 0.5531914893617021 0
1748524070989 0.5722041259500543 0
1748524073217 0.5512744516893895 0
1748524075392 0.5638051044083526 0
1748524077743 0.5519287833827893 0
1748524080168 0.5513513513513514 0
1748524082732 0.5394736842105263 0
1748524084909 0.5616207090602139 0
1748524087115 0.5498812351543944 0
1748524089388 0.556838905775076 0
1748524091847 0.5348421679571174 0
1748524094053 0.5476624165148756 0
1748524096273 0.5633652822151225 0
1748524098447 0.5638968481375358 0
1748524100662 0.5558912386706949 0
1748524102875 0.5537897310513448 0
1748524105230 0.551357733175915 0
1748524107448 0.5543026706231454 0
1748524109987 0.4911206368646663 0
1748524112106 0.5579499126383226 0
1748524115083 0.5396249243799153 0
1748524117401 0.5550239234449761 0
1748524119814 0.5423728813559322 0
1748524122154 0.5518925518925519 0
1748524124374 0.5363469761759316 0
1748524126621 0.5587892898719441 0
1748524129095 0.5441265976871577 0
1748525307566 0.5450151057401813 0
1748525310265 0.5250917992656059 0
1748525312547 0.5566765578635015 0
1748525315111 0.5031525851197982 0
1748525317289 0.5633652822151225 0
1748525319714 0.49748743718592964 0
1748525322047 0.5592920353982301 0
1748525324525 0.5282555282555282 0
1748525327305 0.5359557467732022 0
1748525329490 0.5609893198426082 0
1748525331814 0.549346016646849 0
1748525334293 0.5496091401082381 0
1748525336679 0.5357575757575758 0
1748525339110 0.5066836409929981 0
1748525341660 0.46526867627785057 0
1748525344192 0.49238578680203043 0
1748525346430 0.5375687232742822 0
1748525348931 0.5368802902055623 0
1748525351775 0.5325153374233129 0
1748525354262 0.5015792798483891 0
1748525356496 0.5633652822151225 0
1748525358684 0.5633652822151225 0
1748525360899 0.5633652822151225 0
1748525363282 0.5537918871252204 0
1748525365487 0.5554259043173863 0
1748525367882 0.5563997662185857 0
1748525370103 0.5633652822151225 0
1748525372690 0.5484633569739953 0
1748525375039 0.5501770956316411 0
1748525377331 0.552212389380531 0
1748525379651 0.5485986881335718 0
1748525382612 0.525664811379097 0
1748525384842 0.5660598943041691 0
1748525387101 0.5504477611940298 0
1748525389350 0.5684086905460951 0
1748525391798 0.5382746051032807 0
1748525394138 0.5398176291793313 0
1748525396741 0.5267034990791897 0
1748525399009 0.5476333133612942 0
1748525401675 0.4896907216494845 0
1748525403939 0.5518474374255066 0
1748525406882 0.5204274041483343 0
1748525409156 0.5144972239358421 0
1748525411693 0.5653710247349824 0
1748525414160 0.5406381697772427 0
1748525416882 0.48655569782330343 0
1748525419320 0.5504477611940298 0
1748525421594 0.5421686746987951 0
1748525423849 0.5626839317245439 0
1748525426445 0.4910941475826972 0
1748525835836 0.5613425925925926 0
1748525838038 0.5340699815837937 0
1748525840765 0.5387904703726328 0
1748525842857 0.559322033898305 0
1748525845101 0.534388314059647 0
1748525847381 0.5058896466212027 0
1748525849813 0.5222623345367028 0
1748525852109 0.49436795994993743 0
1748525854304 0.5264437689969604 0
1748525856805 0.5390243902439025 0
1748525859098 0.5441354292623942 0
1748525861416 0.5524728588661038 0
1748525863806 0.5491852745926373 0
1748525866060 0.5491852745926373 0
1748525868305 0.5553560742070617 0
1748525870495 0.5529622980251346 0
1748525873058 0.5128834355828221 0
1748525875489 0.535671100362757 0
1748525877647 0.5313069908814589 0
1748525880065 0.48966812773951157 0
1748525882215 0.5656132833422604 0
1748525884361 0.5656132833422604 0
1748525886738 0.5633652822151225 0
1748525889118 0.5521765056648777 0
1748525891348 0.5442504515352198 0
1748525893553 0.5639567936327459 0
1748525895763 0.5530624620982414 0
1748525897876 0.5656132833422604 0
1748525900781 0.5377643504531722 0
1748525902956 0.5712719298245614 0
1748525905385 0.5484064942874324 0
1748525907605 0.5568862275449101 0
1748525909857 0.5709624796084829 0
1748525912179 0.5532666274278988 0
1748525914447 0.5607162842753217 0
1748525916769 0.5462339252908757 0
1748525918979 0.5561497326203209 0
1748525921654 0.5447010065127295 0
1748525924372 0.4647249190938511 0
1748525926619 0.5536038764385222 0
1748525929074 0.5508117859290439 0
1748525931344 0.5418660287081339 0
1748525933518 0.5604026845637584 0
1748525936138 0.5451263537906137 0
1748525938341 0.5540865384615384 0
1748525940583 0.5558912386706949 0
1748525943039 0.5469981807155853 0
1748525945220 0.5544318857822724 0
1748525947558 0.5475469412477286 0
1748525949805 0.5570388349514563 0
1748679086799 0.469910371318822 0
1748679089602 0.5192896509491733 0
1748679091956 0.5457809694793537 0
1748679094118 0.5560165975103735 0
1748679096318 0.5424557116676848 0
1748679098965 0.543701024713683 0
1748679101166 0.5519713261648745 0
1748679103521 0.4803548795944233 0
1748679105828 0.5455642727821364 0
1748679108169 0.5122850122850123 0
1748679110323 0.5587734241908007 0
1748679113179 0.5370938074800736 0
1748679115522 0.5263796240145543 0
1748679117994 0.48936170212765956 0
1748679138719 0.5429262394195888 0
1748679140903 0.5515151515151515 0
1748679143239 0.546875 0
1748679145345 0.540407156076496 0
1748679147678 0.5556900726392252 0
1748679150032 0.543254688445251 0
1748679152773 0.5354141656662665 0
1748679155078 0.5571776155717761 0
1748679157300 0.5330073349633252 0
1748679159706 0.5079171741778319 0
1748679162261 0.5348557692307693 0
1748679164584 0.5467625899280576 0
1748679166820 0.5278450363196125 0
1748679169000 0.5398176291793313 0
1748679171514 0.5455650060753341 0
1748679173671 0.5620915032679739 0
1748679176196 0.5333333333333333 0
1748679178340 0.5479616306954437 0
1748679181066 0.5465611685940353 0
1748679183374 0.5485232067510548 0
1748679185468 0.545677498467198 0
1748679187630 0.5630733944954128 0
1748679189777 0.565068493150685 0
1748679192009 0.5624284077892325 0
1748679194179 0.5544318857822724 0
1748679196401 0.5561497326203209 0
1748679198563 0.5610179294389821 0
1748679201247 0.5387409200968523 0
1748679203645 0.5446859903381642 0
1748679205822 0.5680345572354212 0
1748679207999 0.5428226779252111 0
1748679210278 0.5697297297297297 0
1748679212446 0.546875 0
1748679214740 0.5533411488862837 0
1748679217149 0.5349397590361445 0
1748679219303 0.5577498503889886 0
1748679222022 0.5434650455927051 0
1748679224304 0.5024752475247525 0
1748679226604 0.5463355542095699 0
1748679228792 0.5615212527964206 0
1748679231047 0.5551515151515152 0
1748679233554 0.5142150803461063 0
1748679235864 0.4968944099378882 0
1748679238099 0.548831635710006 0
1748679240597 0.5302939412117577 0
1748679243354 0.5334972341733252 0
1748679246026 0.5505685218432077 0
1748679248299 0.5458908218356329 0
1748679250477 0.5566150178784267 0
1748679252819 0.5515992757996379 0
1748679444604 0.5417170495767836 0
1748679447152 0.4821882951653944 0
1748679449406 0.5496091401082381 0
1748679451623 0.5444711538461539 0
1748679454116 0.5288461538461539 0
1748679456823 0.5406381697772427 0
1748679459037 0.5418422636965683 0
1748679461520 0.5362058647516457 0
1748679464002 0.5439024390243903 0
1748679466307 0.5226312613156306 0
1748679468961 0.508578431372549 0
1748679471538 0.543701024713683 0
1748679473617 0.5536455245998815 0
1748679475979 0.5422492401215806 0
1748679478794 0.4990642545227698 0
1748679481108 0.5353474320241692 0
1748679483368 0.5371152685576343 0
1748679485981 0.5369127516778524 0
1748679488173 0.5417937766931056 0
1748679490608 0.5253012048192771 0
1748679492805 0.5572609208972845 0
1748679494990 0.5551515151515152 0
1748679497170 0.5580838323353293 0
1748679499321 0.556872037914692 0
1748679501541 0.555956678700361 0
1748679503715 0.5553560742070617 0
1748679505879 0.5550872968091511 0
1748679508082 0.5547619047619048 0
1748679510293 0.5483282674772036 0
1748679512588 0.5526475958612295 0
1748679514779 0.5560266505148395 0
1748679516957 0.5431192660550459 0
1748679519107 0.5551643192488263 0
1748679521378 0.5534514355528406 0
1748679523619 0.5519713261648745 0
1748679525906 0.5558912386706949 0
1748679528108 0.5557586837294333 0
1748679530282 0.5585585585585585 0
1748679532526 0.5320317266625991 0
1748679535172 0.4567741935483871 0
1748679537555 0.5163636363636364 0
1748679539756 0.5406403940886699 0
1748679542168 0.5231707317073171 0
1748679544299 0.5629804849201656 0
1748679546885 0.5502709211318483 0
1748679549741 0.4681404421326398 0
1748679551917 0.5660377358490566 0
1748679554577 0.5260635110844817 0
1748679556946 0.5428051001821493 0
1748679559408 0.5362663495838288 0
