1748523496875 0.5955678670360111 0
1748523499266 0.5512465373961218 0
1748523501864 0.5609418282548476 0
1748523504269 0.5166204986149584 0
1748523506660 0.5013850415512465 0
1748523509167 0.5304709141274239 0
1748523511697 0.6066481994459834 0
1748523514019 0.6232686980609419 0
1748523516572 0.6163434903047091 0
1748523519193 0.6191135734072022 0
1748523521625 0.5013850415512465 0
1748523523883 0.592797783933518 0
1748523526264 0.5997229916897507 0
1748523528585 0.6398891966759003 0
1748523530929 0.6232686980609419 0
1748523533247 0.6260387811634349 0
1748523535882 0.5831024930747922 0
1748523538045 0.6412742382271468 0
1748523540558 0.5858725761772853 0
1748523542720 0.6204986149584487 0
1748523544997 0.646814404432133 0
1748523547196 0.6440443213296398 0
1748523549340 0.6440443213296398 0
1748523551506 0.6343490304709142 0
1748523553714 0.6385041551246537 0
1748523555939 0.6371191135734072 0
1748523558161 0.6260387811634349 0
1748523560281 0.6426592797783933 0
1748523562550 0.628808864265928 0
1748523564837 0.628808864265928 0
1748523566998 0.6301939058171745 0
1748523569165 0.6481994459833795 0
1748523571406 0.6260387811634349 0
1748523573645 0.6301939058171745 0
1748523575973 0.610803324099723 0
1748523578125 0.6357340720221607 0
1748523580549 0.6232686980609419 0
1748523582824 0.6260387811634349 0
1748523585884 0.6121883656509696 0
1748523588045 0.6426592797783933 0
1748523590260 0.6038781163434903 0
1748523592713 0.6177285318559557 0
1748523594848 0.6426592797783933 0
1748523597056 0.646814404432133 0
1748523599663 0.5941828254847645 0
1748523601773 0.6551246537396122 0
1748523604220 0.628808864265928 0
1748523606539 0.628808864265928 0
1748523608802 0.6177285318559557 0
1748523610955 0.6260387811634349 0
1748524014845 0.5498614958448753 0
1748524017035 0.6343490304709142 0
1748524019283 0.6301939058171745 0
1748524021436 0.6274238227146814 0
1748524023806 0.5484764542936288 0
1748524025934 0.6357340720221607 0
1748524028189 0.5914127423822715 0
1748524030966 0.6246537396121884 0
1748524033226 0.6274238227146814 0
1748524035353 0.6578947368421053 0
1748524038084 0.5318559556786704 0
1748524040357 0.5858725761772853 0
1748524042824 0.6301939058171745 0
1748524045124 0.592797783933518 0
1748524047539 0.590027700831025 0
1748524050091 0.5886426592797784 0
1748524052338 0.6398891966759003 0
1748524054889 0.6246537396121884 0
1748524057285 0.5761772853185596 0
1748524059911 0.5637119113573407 0
1748524062111 0.6260387811634349 0
1748524064299 0.7202216066481995 0
1748524066558 0.649584487534626 0
1748524068797 0.6481994459833795 0
1748524070989 0.7299168975069252 0
1748524073217 0.6440443213296398 0
1748524075392 0.6731301939058172 0
1748524077743 0.6440443213296398 0
1748524080168 0.6357340720221607 0
1748524082732 0.6246537396121884 0
1748524084909 0.6911357340720221 0
1748524087115 0.6412742382271468 0
1748524089388 0.6343490304709142 0
1748524091847 0.6218836565096952 0
1748524094053 0.6246537396121884 0
1748524096273 0.7326869806094183 0
1748524098447 0.6814404432132964 0
1748524100662 0.6371191135734072 0
1748524102875 0.6274238227146814 0
1748524105230 0.646814404432133 0
1748524107448 0.646814404432133 0
1748524109987 0.5554016620498615 0
1748524112106 0.6634349030470914 0
1748524115083 0.6177285318559557 0
1748524117401 0.6426592797783933 0
1748524119814 0.6204986149584487 0
1748524122154 0.6260387811634349 0
1748524124374 0.6080332409972299 0
1748524126621 0.6648199445983379 0
1748524129095 0.6191135734072022 0
1748525307566 0.6246537396121884 0
1748525310265 0.5941828254847645 0
1748525312547 0.649584487534626 0
1748525315111 0.5526315789473685 0
1748525317289 0.7326869806094183 0
1748525319714 0.5484764542936288 0
1748525322047 0.6565096952908587 0
1748525324525 0.5955678670360111 0
1748525327305 0.6038781163434903 0
1748525329490 0.6911357340720221 0
1748525331814 0.6398891966759003 0
1748525334293 0.6329639889196675 0
1748525336679 0.6121883656509696 0
1748525339110 0.5512465373961218 0
1748525341660 0.4916897506925208 0
1748525344192 0.5373961218836565 0
1748525346430 0.6094182825484764 0
1748525348931 0.6149584487534626 0
1748525351775 0.6011080332409973 0
1748525354262 0.5498614958448753 0
1748525356496 0.7326869806094183 0
1748525358684 0.7326869806094183 0
1748525360899 0.7326869806094183 0
1748525363282 0.6523545706371191 0
1748525365487 0.6592797783933518 0
1748525367882 0.6592797783933518 0
1748525370103 0.7326869806094183 0
1748525372690 0.6426592797783933 0
1748525375039 0.6454293628808865 0
1748525377331 0.6481994459833795 0
1748525379651 0.6371191135734072 0
1748525382612 0.5886426592797784 0
1748525384842 0.667590027700831 0
1748525387101 0.6385041551246537 0
1748525389350 0.6703601108033241 0
1748525391798 0.6135734072022161 0
1748525394138 0.6149584487534626 0
1748525396741 0.5941828254847645 0
1748525399009 0.6329639889196675 0
1748525401675 0.5263157894736842 0
1748525403939 0.6412742382271468 0
1748525406882 0.5734072022160664 0
1748525409156 0.5775623268698061 0
1748525411693 0.6648199445983379 0
1748525414160 0.6218836565096952 0
1748525416882 0.5263157894736842 0
1748525419320 0.6385041551246537 0
1748525421594 0.6232686980609419 0
1748525423849 0.6620498614958449 0
1748525426445 0.5346260387811634 0
1748525835836 0.6717451523545707 0
1748525838038 0.6024930747922438 0
1748525840765 0.610803324099723 0
1748525842857 0.685595567867036 0
1748525845101 0.6080332409972299 0
1748525847381 0.5650969529085873 0
1748525849813 0.6011080332409973 0
1748525852109 0.5470914127423823 0
1748525854304 0.5997229916897507 0
1748525856805 0.6121883656509696 0
1748525859098 0.6232686980609419 0
1748525861416 0.6343490304709142 0
1748525863806 0.6301939058171745 0
1748525866060 0.6301939058171745 0
1748525868305 0.6426592797783933 0
1748525870495 0.6398891966759003 0
1748525873058 0.5789473684210527 0
1748525875489 0.6135734072022161 0
1748525877647 0.6052631578947368 0
1748525880065 0.5415512465373962 0
1748525882215 0.7313019390581718 0
1748525884361 0.7313019390581718 0
1748525886738 0.7326869806094183 0
1748525889118 0.6412742382271468 0
1748525891348 0.6260387811634349 0
1748525893553 0.6869806094182825 0
1748525895763 0.631578947368421 0
1748525897876 0.7313019390581718 0
1748525900781 0.6163434903047091 0
1748525902956 0.721606648199446 0
1748525905385 0.631578947368421 0
1748525907605 0.6440443213296398 0
1748525909857 0.7271468144044322 0
1748525912179 0.6509695290858726 0
1748525914447 0.6939058171745153 0
1748525916769 0.6177285318559557 0
1748525918979 0.6481994459833795 0
1748525921654 0.6371191135734072 0
1748525924372 0.49722991689750695 0
1748525926619 0.6329639889196675 0
1748525929074 0.6343490304709142 0
1748525931344 0.6274238227146814 0
1748525933518 0.6939058171745153 0
1748525936138 0.6274238227146814 0
1748525938341 0.6385041551246537 0
1748525940583 0.6371191135734072 0
1748525943039 0.6246537396121884 0
1748525945220 0.6454293628808865 0
1748525947558 0.6260387811634349 0
1748525949805 0.6357340720221607 0
1748679086799 0.5083102493074793 0
1748679089602 0.5872576177285319 0
1748679091956 0.631578947368421 0
1748679094118 0.649584487534626 0
1748679096318 0.6149584487534626 0
1748679098965 0.6246537396121884 0
1748679101166 0.6398891966759003 0
1748679103521 0.5249307479224377 0
1748679105828 0.6260387811634349 0
1748679108169 0.5775623268698061 0
1748679110323 0.6814404432132964 0
1748679113179 0.6066481994459834 0
1748679115522 0.6011080332409973 0
1748679117994 0.5415512465373962 0
1748679138719 0.6218836565096952 0
1748679140903 0.6301939058171745 0
1748679143239 0.6301939058171745 0
1748679145345 0.6066481994459834 0
1748679147678 0.6357340720221607 0
1748679150032 0.6218836565096952 0
1748679152773 0.6177285318559557 0
1748679155078 0.6343490304709142 0
1748679157300 0.6038781163434903 0
1748679159706 0.5775623268698061 0
1748679162261 0.6163434903047091 0
1748679164584 0.631578947368421 0
1748679166820 0.6038781163434903 0
1748679169000 0.6149584487534626 0
1748679171514 0.6218836565096952 0
1748679173671 0.6551246537396122 0
1748679176196 0.6038781163434903 0
1748679178340 0.6329639889196675 0
1748679181066 0.6218836565096952 0
1748679183374 0.6301939058171745 0
1748679185468 0.6163434903047091 0
1748679187630 0.6800554016620498 0
1748679189777 0.685595567867036 0
1748679192009 0.6800554016620498 0
1748679194179 0.6454293628808865 0
1748679196401 0.6481994459833795 0
1748679198563 0.6717451523545707 0
1748679201247 0.6163434903047091 0
1748679203645 0.6246537396121884 0
1748679205822 0.7285318559556787 0
1748679207999 0.6232686980609419 0
1748679210278 0.7299168975069252 0
1748679212446 0.6301939058171745 0
1748679214740 0.6537396121883656 0
1748679217149 0.6149584487534626 0
1748679219303 0.6454293628808865 0
1748679222022 0.6191135734072022 0
1748679224304 0.5623268698060941 0
1748679226604 0.6246537396121884 0
1748679228792 0.6952908587257618 0
1748679231047 0.6343490304709142 0
1748679233554 0.5761772853185596 0
1748679235864 0.554016620498615 0
1748679238099 0.6343490304709142 0
1748679240597 0.6121883656509696 0
1748679243354 0.6011080332409973 0
1748679246026 0.6371191135734072 0
1748679248299 0.6301939058171745 0
1748679250477 0.646814404432133 0
1748679252819 0.6329639889196675 0
1748679444604 0.6204986149584487 0
1748679447152 0.5249307479224377 0
1748679449406 0.6329639889196675 0
1748679451623 0.6274238227146814 0
1748679454116 0.6094182825484764 0
1748679456823 0.6218836565096952 0
1748679459037 0.6232686980609419 0
1748679461520 0.6204986149584487 0
1748679464002 0.6177285318559557 0
1748679466307 0.5997229916897507 0
1748679468961 0.574792243767313 0
1748679471538 0.6246537396121884 0
1748679473617 0.646814404432133 0
1748679475979 0.6177285318559557 0
1748679478794 0.554016620498615 0
1748679481108 0.6135734072022161 0
1748679483368 0.6163434903047091 0
1748679485981 0.6094182825484764 0
1748679488173 0.6149584487534626 0
1748679490608 0.6038781163434903 0
1748679492805 0.6537396121883656 0
1748679494990 0.6343490304709142 0
1748679497170 0.6454293628808865 0
1748679499321 0.6509695290858726 0
1748679501541 0.6398891966759003 0
1748679503715 0.6426592797783933 0
1748679505879 0.6385041551246537 0
1748679508082 0.6454293628808865 0
1748679510293 0.6246537396121884 0
1748679512588 0.628808864265928 0
1748679514779 0.6357340720221607 0
1748679516957 0.6149584487534626 0
1748679519107 0.6551246537396122 0
1748679521378 0.6274238227146814 0
1748679523619 0.6398891966759003 0
1748679525906 0.6371191135734072 0
1748679528108 0.631578947368421 0
1748679530282 0.6440443213296398 0
1748679532526 0.6038781163434903 0
1748679535172 0.4903047091412742 0
1748679537555 0.590027700831025 0
1748679539756 0.6080332409972299 0
1748679542168 0.5941828254847645 0
1748679544299 0.6592797783933518 0
1748679546885 0.6329639889196675 0
1748679549741 0.4986149584487535 0
1748679551917 0.6648199445983379 0
1748679554577 0.6080332409972299 0
1748679556946 0.6191135734072022 0
1748679559408 0.6246537396121884 0
